,team_name,wins,losses,pct,strength_schedule,ppg,oppg
0,Abilene Christian,24,5,0.828,-6.37,75.72413793103448,60.44827586206897
1,Air Force,5,20,0.2,0.22,58.72,71.92
2,Akron,15,8,0.652,-1.96,78.17391304347827,72.17391304347827
3,Alabama A&M,6,9,0.4,-14.99,63.333333333333336,67.2
4,UAB,22,7,0.759,-3.83,72.58620689655173,60.275862068965516
5,Alabama State,4,14,0.222,-16.95,64.22222222222223,71.55555555555556
6,Alabama,26,7,0.788,10.01,79.66666666666667,70.0909090909091
7,Albany (NY),7,9,0.438,-5.22,69.375,68.6875
8,Alcorn State,6,13,0.316,-10.06,66.10526315789474,75.63157894736842
9,American,4,6,0.4,-1.82,69.1,73.6
10,Appalachian State,17,12,0.586,-5.72,70.3103448275862,64.13793103448276
11,Arizona State,11,14,0.44,10.24,74.32,77.08
12,Arizona,17,9,0.654,8.18,75.42307692307692,68.57692307692308
13,Little Rock,11,15,0.423,-5.4,68.6923076923077,68.53846153846153
14,Arkansas-Pine Bluff,4,21,0.16,-7.79,61.96,76.84
15,Arkansas State,11,13,0.458,-5.87,72.54166666666667,69.45833333333333
16,Arkansas,25,7,0.781,7.18,81.375,70.75
17,Army,12,10,0.545,0.63,71.72727272727273,69.5
18,Auburn,13,14,0.481,9.28,77.18518518518519,76.44444444444444
19,Austin Peay,14,13,0.519,-8.22,74.33333333333333,70.0
20,Ball State,10,13,0.435,-1.22,74.73913043478261,75.47826086956522
21,Baylor,28,2,0.933,7.4,82.9,65.46666666666667
22,Bellarmine,14,8,0.636,-5.56,74.27272727272727,66.18181818181819
23,Belmont,26,4,0.867,-8.71,81.3,69.13333333333334
24,Binghamton,4,14,0.222,-5.35,65.44444444444444,72.33333333333333
25,Boise State,19,9,0.679,1.71,75.78571428571429,66.71428571428571
26,Boston College,4,16,0.2,8.97,71.35,79.5
27,Boston University,7,11,0.389,0.84,69.38888888888889,73.94444444444444
28,Bowling Green State,14,12,0.538,-2.37,77.5,74.57692307692308
29,Bradley,12,16,0.429,1.17,69.57142857142857,66.57142857142857
30,Brigham Young,20,7,0.741,7.23,78.11111111111111,68.62962962962963
31,Brown,0,0,,,,
32,Bryant,15,7,0.682,-7.27,83.77272727272727,75.63636363636364
33,Bucknell,5,7,0.417,-5.36,74.91666666666667,77.33333333333333
34,Buffalo,16,9,0.64,-1.58,81.36,72.92
35,Butler,10,15,0.4,9.92,63.52,68.68
36,Cal Poly,4,20,0.167,-1.56,61.458333333333336,70.83333333333333
37,Cal State Bakersfield,15,11,0.577,-2.38,69.65384615384616,64.03846153846153
38,Cal State Fullerton,6,10,0.375,-3.05,77.0,78.5625
39,Cal State Northridge,9,13,0.409,-1.97,72.0909090909091,77.68181818181819
40,California Baptist,13,10,0.565,-5.04,79.1304347826087,72.78260869565217
41,UC Davis,10,8,0.556,-4.24,71.94444444444444,71.61111111111111
42,UC Irvine,18,9,0.667,-0.86,72.22222222222223,63.407407407407405
43,UC Riverside,14,8,0.636,-2.43,70.18181818181819,63.63636363636363
44,UC San Diego,7,10,0.412,0.98,71.41176470588235,72.11764705882354
45,UC Santa Barbara,22,5,0.815,-2.08,75.96296296296296,62.81481481481482
46,California,9,20,0.31,9.75,65.41379310344827,69.24137931034483
47,Campbell,17,10,0.63,-7.34,71.0,68.14814814814815
48,Canisius,7,6,0.538,-7.84,70.38461538461539,71.15384615384616
49,Central Arkansas,5,19,0.208,-1.99,70.875,80.54166666666667
50,Central Connecticut State,5,16,0.238,-6.27,68.52380952380952,77.38095238095238
51,Central Florida,11,12,0.478,8.15,67.21739130434783,69.43478260869566
52,Central Michigan,7,16,0.304,-4.19,76.78260869565217,79.78260869565217
53,Charleston Southern,3,18,0.143,-6.22,65.47619047619048,73.80952380952381
54,Charlotte,9,16,0.36,-2.43,63.48,66.72
55,Chattanooga,18,8,0.692,-2.92,72.61538461538461,69.26923076923077
56,Chicago State,0,9,0.0,1.41,55.44444444444444,88.66666666666667
57,Cincinnati,12,11,0.522,7.21,68.91304347826087,72.1304347826087
58,The Citadel,13,12,0.52,-1.45,80.76,78.36
59,Clemson,16,8,0.667,9.49,64.91666666666667,61.916666666666664
60,Cleveland State,19,8,0.704,-4.82,70.88888888888889,71.18518518518519
61,Coastal Carolina,18,8,0.692,-7.6,79.5,68.1923076923077
62,Colgate,14,2,0.875,-1.9,85.1875,69.625
63,College of Charleston,9,10,0.474,-3.13,70.57894736842105,69.94736842105263
64,Colorado State,20,8,0.714,1.06,74.0,66.82142857142857
65,Colorado,23,9,0.719,9.57,73.125,63.8125
66,Columbia,0,0,,,,
67,Connecticut,15,8,0.652,8.59,71.73913043478261,64.56521739130434
68,Coppin State,9,13,0.409,-6.06,72.81818181818181,79.13636363636364
69,Cornell,0,0,,,,
70,Creighton,22,9,0.71,8.54,75.96774193548387,68.2258064516129
71,Dartmouth,0,0,,,,
72,Davidson,13,9,0.591,3.4,71.77272727272727,64.13636363636364
73,Dayton,14,10,0.583,4.35,69.75,67.79166666666667
74,Delaware State,3,16,0.158,-6.33,70.78947368421052,85.73684210526316
75,Delaware,7,8,0.467,-5.04,67.53333333333333,67.46666666666667
76,Denver,2,19,0.095,-5.8,69.80952380952381,79.14285714285714
77,DePaul,5,14,0.263,8.83,65.78947368421052,71.94736842105263
78,Detroit Mercy,12,10,0.545,-6.21,76.5,73.95454545454545
79,Dixie State,8,13,0.381,-3.43,69.57142857142857,76.33333333333333
80,Drake,26,5,0.839,-0.48,75.93548387096774,64.48387096774194
81,Drexel,12,8,0.6,-3.92,70.35,67.4
82,Duke,13,11,0.542,8.33,76.0,71.29166666666667
83,Duquesne,9,9,0.5,2.49,66.94444444444444,67.11111111111111
84,East Carolina,8,11,0.421,3.83,66.78947368421052,67.94736842105263
85,East Tennessee State,13,12,0.52,0.3,69.44,66.16
86,Eastern Illinois,9,18,0.333,-7.19,69.4074074074074,74.92592592592592
87,Eastern Kentucky,22,7,0.759,-8.24,81.79310344827586,73.6896551724138
88,Eastern Michigan,6,12,0.333,-1.23,70.38888888888889,75.66666666666667
89,Eastern Washington,16,8,0.667,-3.15,78.29166666666667,70.41666666666667
90,Elon,10,9,0.526,-4.43,65.73684210526316,65.0
91,Evansville,9,16,0.36,-0.01,64.76,69.6
92,Fairfield,10,17,0.37,-6.57,61.77777777777778,66.66666666666667
93,Fairleigh Dickinson,9,15,0.375,-6.46,75.04166666666667,78.75
94,Florida A&M,8,12,0.4,-9.55,65.7,68.5
95,Florida Atlantic,13,10,0.565,-4.94,78.08695652173913,66.82608695652173
96,Florida Gulf Coast,10,8,0.556,-7.13,71.77777777777777,69.0
97,Florida International,9,17,0.346,-3.24,73.61538461538461,76.34615384615384
98,Florida State,18,7,0.72,9.16,77.16,69.2
99,Florida,15,10,0.6,9.82,74.16,70.28
100,Fordham,2,12,0.143,3.09,51.785714285714285,66.57142857142857
101,Fresno State,12,12,0.5,0.07,66.29166666666667,67.41666666666667
102,Furman,16,9,0.64,-1.69,79.6,68.92
103,Gardner-Webb,11,15,0.423,-6.14,70.65384615384616,68.38461538461539
104,George Mason,13,9,0.591,0.48,71.31818181818181,69.9090909090909
105,George Washington,5,12,0.294,-1.57,68.11764705882354,72.29411764705883
106,Georgetown,13,13,0.5,10.36,71.42307692307692,71.65384615384616
107,Georgia Southern,13,13,0.5,-6.26,71.53846153846153,67.76923076923077
108,Georgia State,16,6,0.727,-4.6,80.31818181818181,72.68181818181819
109,Georgia Tech,17,9,0.654,7.91,74.92307692307692,70.03846153846153
110,Georgia,14,12,0.538,8.02,77.46153846153847,77.96153846153847
111,Gonzaga,31,1,0.969,5.92,90.96875,69.6875
112,Grambling,12,12,0.5,-12.49,67.375,68.70833333333333
113,Grand Canyon,17,7,0.708,-3.46,75.5,62.125
114,Green Bay,8,17,0.32,-5.23,71.6,76.52
115,Hampton,11,14,0.44,-9.27,68.84,73.24
116,Hartford,15,9,0.625,-4.95,65.41666666666667,63.916666666666664
117,Harvard,0,0,,,,
118,Hawaii,11,10,0.524,-2.72,71.57142857142857,69.14285714285714
119,High Point,9,15,0.375,-7.58,66.66666666666667,69.875
120,Hofstra,13,10,0.565,-2.94,73.17391304347827,73.0
121,Holy Cross,5,11,0.313,0.45,70.625,76.0625
122,Houston Baptist,6,19,0.24,-5.72,71.04,80.28
123,Houston,28,4,0.875,5.37,76.0625,58.21875
124,Howard,1,4,0.2,-2.51,72.6,84.8
125,Idaho State,13,11,0.542,-5.71,68.20833333333333,61.708333333333336
126,Idaho,1,21,0.045,-2.91,61.04545454545455,76.45454545454545
127,Illinois-Chicago,9,13,0.409,-7.42,67.68181818181819,72.31818181818181
128,Illinois State,7,18,0.28,0.38,71.96,74.8
129,Illinois,24,7,0.774,11.34,80.54838709677419,68.64516129032258
130,Incarnate Word,8,14,0.364,-8.33,67.95454545454545,71.72727272727273
131,Indiana State,15,10,0.6,1.91,66.48,65.8
132,Indiana,12,15,0.444,12.45,69.70370370370371,69.37037037037037
133,Iona,12,6,0.667,-6.42,71.27777777777777,66.05555555555556
134,Iowa State,2,22,0.083,10.4,65.58333333333333,76.70833333333333
135,Iowa,22,9,0.71,10.43,83.70967741935483,72.74193548387096
136,Purdue-Fort Wayne,8,15,0.348,-8.63,75.1304347826087,78.65217391304348
137,IUPUI,8,10,0.444,-7.03,71.16666666666667,75.77777777777777
138,Jackson State,12,6,0.667,-14.05,65.61111111111111,62.833333333333336
139,Jacksonville State,18,9,0.667,-6.06,74.25925925925925,68.55555555555556
140,Jacksonville,11,13,0.458,-6.74,67.58333333333333,69.5
141,James Madison,13,7,0.65,-3.17,78.1,70.45
142,Kansas State,9,20,0.31,9.04,61.793103448275865,70.24137931034483
143,Kansas,21,9,0.7,10.26,73.03333333333333,67.0
144,Kennesaw State,5,19,0.208,-3.67,65.45833333333333,69.66666666666667
145,Kent State,15,8,0.652,-1.9,76.69565217391305,71.08695652173913
146,Kentucky,9,16,0.36,11.49,70.44,70.16
147,La Salle,9,16,0.36,2.85,68.08,73.52
148,Lafayette,9,6,0.6,-6.38,77.66666666666667,76.66666666666667
149,Lamar,10,18,0.357,-6.57,65.82142857142857,72.35714285714286
150,Lehigh,4,11,0.267,-4.58,68.33333333333333,76.6
151,Liberty,23,6,0.793,-6.14,74.37931034482759,59.96551724137931
152,Lipscomb,15,12,0.556,-5.63,71.18518518518519,68.44444444444444
153,Long Beach State,6,12,0.333,-2.83,73.77777777777777,79.44444444444444
154,Long Island University,9,9,0.5,-8.82,74.0,72.94444444444444
155,Longwood,12,17,0.414,-6.4,66.20689655172414,67.79310344827586
156,Louisiana,17,9,0.654,-5.5,74.38461538461539,72.76923076923077
157,Louisiana-Monroe,7,19,0.269,-5.9,64.23076923076923,68.92307692307692
158,Louisiana State,19,10,0.655,9.14,81.75862068965517,75.20689655172414
159,Louisiana Tech,24,8,0.75,-0.21,73.09375,65.4375
160,Louisville,13,7,0.65,8.9,67.95,66.5
161,Loyola (IL),26,5,0.839,1.37,71.03225806451613,56.064516129032256
162,Loyola Marymount,13,9,0.591,4.05,69.5,68.0
163,Loyola (MD),6,11,0.353,-3.47,72.11764705882354,70.94117647058823
164,Maine,2,7,0.222,-4.21,53.111111111111114,64.55555555555556
165,Manhattan,7,13,0.35,-8.35,63.4,67.25
166,Marist,12,9,0.571,-8.8,63.42857142857143,63.61904761904762
167,Marquette,13,14,0.481,8.58,69.74074074074075,69.81481481481481
168,Marshall,15,7,0.682,-1.66,79.9090909090909,72.54545454545455
169,Maryland-Baltimore County,14,6,0.7,-5.7,69.55,64.9
170,Maryland-Eastern Shore,0,0,,,,
171,Maryland,17,14,0.548,11.97,68.87096774193549,65.61290322580645
172,Massachusetts-Lowell,11,12,0.478,-3.61,68.47826086956522,70.91304347826087
173,Massachusetts,8,7,0.533,1.03,76.73333333333333,73.0
174,McNeese State,10,14,0.417,-11.46,80.29166666666667,71.75
175,Memphis,20,8,0.714,4.13,72.39285714285714,62.714285714285715
176,Mercer,18,11,0.621,-1.6,76.72413793103448,71.79310344827586
177,Merrimack,9,9,0.5,-8.67,66.27777777777777,66.66666666666667
178,Miami (FL),10,17,0.37,7.75,66.44444444444444,70.96296296296296
179,Miami (OH),12,11,0.522,-2.72,72.30434782608695,71.6086956521739
180,Michigan State,15,13,0.536,11.48,69.42857142857143,71.10714285714286
181,Michigan,23,5,0.821,11.25,75.82142857142857,65.07142857142857
182,Middle Tennessee,5,18,0.217,-0.78,62.0,70.73913043478261
183,Milwaukee,10,12,0.455,-6.98,75.54545454545455,76.27272727272727
184,Minnesota,14,15,0.483,11.73,72.51724137931035,73.20689655172414
185,Mississippi State,18,15,0.545,6.79,69.3030303030303,66.84848484848484
186,Mississippi Valley State,2,22,0.083,-7.63,56.833333333333336,87.375
187,Mississippi,16,12,0.571,6.0,68.82142857142857,63.642857142857146
188,Kansas City,11,13,0.458,-2.67,70.125,62.583333333333336
189,Missouri State,17,7,0.708,-0.02,73.41666666666667,66.41666666666667
190,Missouri,16,10,0.615,10.87,73.42307692307692,71.92307692307692
191,Monmouth,12,8,0.6,-7.63,76.05,74.3
192,Montana State,13,10,0.565,-4.62,74.04347826086956,71.95652173913044
193,Montana,15,13,0.536,-1.57,70.75,67.0
194,Morehead State,23,8,0.742,-4.33,68.7741935483871,64.06451612903226
195,Morgan State,14,8,0.636,-11.24,79.77272727272727,73.0
196,Mount St. Mary's,12,11,0.522,-6.67,63.21739130434783,62.21739130434783
197,Murray State,13,13,0.5,-8.2,76.38461538461539,66.88461538461539
198,Navy,15,3,0.833,-3.48,71.5,67.0
199,Omaha,5,20,0.2,-2.09,67.32,77.96
200,Nebraska,7,20,0.259,12.28,69.96296296296296,74.22222222222223
201,Nevada-Las Vegas,12,15,0.444,1.01,69.44444444444444,67.48148148148148
202,Nevada,16,10,0.615,2.12,73.6923076923077,69.6923076923077
203,New Hampshire,10,9,0.526,-6.7,67.26315789473684,66.63157894736842
204,New Mexico State,12,8,0.6,-5.09,71.1,64.15
205,New Mexico,6,16,0.273,-1.73,65.27272727272727,71.72727272727273
206,New Orleans,10,15,0.4,-9.74,75.96,76.4
207,Niagara,9,11,0.45,-6.99,64.65,65.2
208,Nicholls State,18,7,0.72,-8.71,78.4,73.24
209,NJIT,7,12,0.368,-5.7,66.10526315789474,70.15789473684211
210,Norfolk State,17,8,0.68,-8.51,73.56,69.68
211,North Alabama,13,11,0.542,-6.3,73.16666666666667,69.41666666666667
212,UNC Asheville,10,10,0.5,-7.59,73.4,72.8
213,North Carolina A&T,11,10,0.524,-8.06,72.23809523809524,72.52380952380952
214,North Carolina Central,5,9,0.357,-8.76,67.28571428571429,71.64285714285714
215,UNC Greensboro,21,9,0.7,-2.15,72.96666666666667,67.33333333333333
216,NC State,14,11,0.56,6.48,72.8,69.68
217,UNC Wilmington,7,10,0.412,-6.47,76.29411764705883,73.70588235294117
218,North Carolina,18,11,0.621,9.52,75.20689655172414,69.93103448275862
219,North Dakota State,15,12,0.556,-2.72,69.74074074074075,67.66666666666667
220,North Dakota,9,17,0.346,-3.35,68.73076923076923,75.73076923076923
221,North Florida,8,15,0.348,-4.62,69.6086956521739,75.0
222,North Texas,18,10,0.643,1.02,69.78571428571429,62.32142857142857
223,Northeastern,10,9,0.526,0.02,67.21052631578948,68.3157894736842
224,Northern Arizona,6,16,0.273,-1.61,63.18181818181818,74.54545454545455
225,Northern Colorado,11,11,0.5,-4.22,70.5,69.04545454545455
226,Northern Illinois,3,16,0.158,-2.8,62.31578947368421,77.42105263157895
227,Northern Iowa,10,15,0.4,2.43,69.52,71.16
228,Northern Kentucky,14,11,0.56,-6.9,71.36,71.24
229,Northwestern State,11,18,0.379,-4.94,72.62068965517241,79.72413793103448
230,Northwestern,9,15,0.375,11.76,70.25,70.04166666666667
231,Notre Dame,11,15,0.423,9.38,72.6923076923077,74.34615384615384
232,Oakland,12,18,0.4,-2.8,74.66666666666667,81.2
233,Ohio State,21,10,0.677,12.19,77.16129032258064,71.09677419354838
234,Ohio,17,8,0.68,-0.57,79.2,72.6
235,Oklahoma State,21,9,0.7,9.78,76.56666666666666,72.7
236,Oklahoma,16,11,0.593,8.86,74.51851851851852,69.85185185185185
237,Old Dominion,15,8,0.652,-0.87,68.30434782608695,67.65217391304348
238,Oral Roberts,18,11,0.621,-0.04,81.10344827586206,75.58620689655173
239,Oregon State,20,13,0.606,10.82,70.45454545454545,67.63636363636364
240,Oregon,21,7,0.75,9.65,74.89285714285714,68.39285714285714
241,Pacific,9,9,0.5,5.23,69.77777777777777,70.66666666666667
242,Penn State,11,14,0.44,13.89,72.64,73.0
243,Pennsylvania,0,0,,,,
244,Pepperdine,15,12,0.556,5.01,76.88888888888889,73.62962962962963
245,Pittsburgh,10,12,0.455,6.75,71.18181818181819,70.13636363636364
246,Portland State,9,13,0.409,-4.66,68.72727272727273,66.5
247,Portland,6,15,0.286,5.08,69.47619047619048,83.23809523809524
248,Prairie View,16,5,0.762,-15.07,71.28571428571429,64.23809523809524
249,Presbyterian,7,15,0.318,-9.0,64.13636363636364,67.0909090909091
250,Princeton,0,0,,,,
251,Providence,13,13,0.5,8.82,69.84615384615384,69.73076923076923
252,Purdue,18,10,0.643,11.23,71.03571428571429,66.71428571428571
253,Quinnipiac,9,13,0.409,-7.6,67.5,69.0
254,Radford,15,12,0.556,-6.6,67.62962962962963,64.62962962962963
255,Rhode Island,10,15,0.4,4.93,71.44,71.08
256,Rice,15,13,0.536,-1.49,73.85714285714286,73.64285714285714
257,Richmond,14,9,0.609,5.0,74.65217391304348,69.0
258,Rider,6,17,0.261,-5.76,67.52173913043478,74.0
259,Robert Morris,4,15,0.211,-5.53,72.3157894736842,78.63157894736842
260,Rutgers,16,12,0.571,12.5,69.25,67.60714285714286
261,Sacramento State,8,12,0.4,-3.65,72.15,72.1
262,Sacred Heart,9,9,0.5,-7.47,70.27777777777777,75.0
263,Saint Francis (PA),6,16,0.273,-5.8,68.86363636363636,73.36363636363636
264,Saint Joseph's,5,15,0.25,5.89,72.15,82.6
265,Saint Louis,14,7,0.667,2.19,75.0,65.42857142857143
266,Saint Mary's (CA),14,10,0.583,6.43,64.25,62.625
267,Saint Peter's,14,11,0.56,-7.2,63.2,61.48
268,Sam Houston State,19,9,0.679,-4.87,79.60714285714286,70.32142857142857
269,Samford,6,13,0.316,-1.63,76.84210526315789,79.47368421052632
270,San Diego State,23,5,0.821,2.99,73.64285714285714,61.17857142857143
271,San Diego,3,11,0.214,5.64,66.21428571428571,77.07142857142857
272,San Francisco,11,14,0.44,3.84,71.44,69.28
273,San Jose State,5,16,0.238,0.98,65.76190476190476,81.33333333333333
274,Santa Clara,12,8,0.6,2.16,69.65,70.6
275,Seattle,12,11,0.522,-3.51,72.91304347826087,68.6086956521739
276,Seton Hall,14,13,0.519,9.53,71.25925925925925,69.66666666666667
277,Siena,12,5,0.706,-8.58,67.58823529411765,63.0
278,South Alabama,17,11,0.607,-5.86,74.10714285714286,70.89285714285714
279,South Carolina State,1,17,0.056,-7.56,61.22222222222222,78.55555555555556
280,South Carolina Upstate,5,18,0.217,-5.2,65.8695652173913,74.43478260869566
281,South Carolina,6,15,0.286,10.01,72.52380952380952,79.14285714285714
282,South Dakota State,16,7,0.696,-2.05,80.43478260869566,73.47826086956522
283,South Dakota,14,11,0.56,-3.5,75.96,72.2
284,South Florida,9,13,0.409,6.27,65.86363636363636,71.4090909090909
285,Southeast Missouri State,11,16,0.407,-7.51,69.03703703703704,71.70370370370371
286,Southeastern Louisiana,8,18,0.308,-8.02,68.26923076923077,77.65384615384616
287,Southern California,25,8,0.758,10.65,74.93939393939394,65.0909090909091
288,SIU Edwardsville,9,17,0.346,-6.02,65.73076923076923,72.96153846153847
289,Southern Illinois,12,14,0.462,0.72,65.53846153846153,68.07692307692308
290,Southern Methodist,11,6,0.647,4.44,74.6470588235294,68.11764705882354
291,Southern Mississippi,8,17,0.32,-2.1,64.2,66.72
292,Southern Utah,20,4,0.833,-5.69,84.20833333333333,69.54166666666667
293,Southern,8,11,0.421,-13.07,69.84210526315789,70.26315789473684
294,St. Bonaventure,16,5,0.762,4.49,70.04761904761905,61.095238095238095
295,St. Francis (NY),9,10,0.474,-8.38,77.6842105263158,79.52631578947368
296,St. John's (NY),16,11,0.593,7.19,78.96296296296296,76.74074074074075
297,Stanford,14,13,0.519,10.01,69.74074074074075,69.5925925925926
298,Stephen F. Austin,16,5,0.762,-8.46,80.28571428571429,70.66666666666667
299,Stetson,12,15,0.444,-4.51,71.29629629629629,70.22222222222223
300,Stony Brook,9,14,0.391,-4.73,66.17391304347827,65.6086956521739
301,Syracuse,18,10,0.643,8.59,74.82142857142857,70.14285714285714
302,Tarleton State,10,10,0.5,-3.02,73.35,62.3
303,Temple,5,11,0.313,5.57,65.8125,68.8125
304,Tennessee-Martin,8,16,0.333,-5.89,65.45833333333333,76.95833333333333
305,Tennessee State,4,19,0.174,-7.23,68.3913043478261,74.0
306,Tennessee Tech,5,22,0.185,-3.84,66.55555555555556,76.85185185185185
307,Tennessee,18,9,0.667,8.46,71.88888888888889,63.48148148148148
308,Texas A&M-Corpus Christi,5,19,0.208,-6.1,64.75,71.5
309,Texas A&M,8,10,0.444,4.86,64.27777777777777,66.94444444444444
310,UT Arlington,13,13,0.5,-4.57,73.6923076923077,70.26923076923077
311,TCU,12,14,0.462,6.99,66.84615384615384,71.23076923076923
312,UTEP,12,12,0.5,1.26,70.75,68.5
313,Texas-Rio Grande Valley,9,10,0.474,-5.23,72.42105263157895,67.73684210526316
314,UTSA,15,11,0.577,-0.17,78.84615384615384,73.3076923076923
315,Texas Southern,17,9,0.654,-9.03,73.88461538461539,69.46153846153847
316,Texas State,18,7,0.72,-7.37,66.4,61.72
317,Texas Tech,18,11,0.621,7.28,72.51724137931035,63.206896551724135
318,Texas,19,8,0.704,9.36,74.37037037037037,68.22222222222223
319,Toledo,21,9,0.7,-1.88,81.1,72.63333333333334
320,Towson,4,14,0.222,-2.33,67.44444444444444,74.94444444444444
321,Troy,11,17,0.393,-4.06,65.32142857142857,69.35714285714286
322,Tulane,10,13,0.435,3.59,63.91304347826087,66.47826086956522
323,Tulsa,11,12,0.478,5.43,68.3913043478261,65.6086956521739
324,UCLA,22,10,0.688,11.34,73.40625,68.4375
325,Utah State,20,9,0.69,1.32,72.58620689655173,62.3448275862069
326,Utah Valley,11,11,0.5,-1.61,74.18181818181819,74.31818181818181
327,Utah,12,13,0.48,9.54,72.12,69.8
328,Valparaiso,10,18,0.357,1.14,65.03571428571429,67.92857142857143
329,Vanderbilt,9,16,0.36,6.74,71.76,72.36
330,Vermont,10,5,0.667,-7.61,73.0,63.4
331,Villanova,18,7,0.72,9.19,74.8,66.52
332,Virginia Commonwealth,19,7,0.731,4.76,71.6923076923077,65.15384615384616
333,VMI,13,12,0.52,-0.78,80.04,75.88
334,Virginia Tech,15,7,0.682,6.5,72.04545454545455,65.95454545454545
335,Virginia,18,7,0.72,7.59,68.2,60.52
336,Wagner,13,7,0.65,-7.9,71.25,68.7
337,Wake Forest,6,16,0.273,8.06,66.27272727272727,71.95454545454545
338,Washington State,14,13,0.519,6.93,68.62962962962963,67.44444444444444
339,Washington,5,21,0.192,11.61,67.65384615384616,77.38461538461539
340,Weber State,17,6,0.739,-5.22,81.78260869565217,69.30434782608695
341,West Virginia,19,10,0.655,10.05,77.34482758620689,72.03448275862068
342,Western Carolina,11,16,0.407,-2.03,75.51851851851852,78.85185185185185
343,Western Illinois,7,15,0.318,-4.62,73.0,79.36363636363636
344,Western Kentucky,21,8,0.724,0.5,72.6896551724138,68.0
345,Western Michigan,5,16,0.238,-1.21,63.095238095238095,71.95238095238095
346,Wichita State,16,6,0.727,6.91,71.45454545454545,66.77272727272727
347,William & Mary,7,10,0.412,-3.99,64.76470588235294,72.0
348,Winthrop,23,2,0.92,-7.15,78.88,67.04
349,Wisconsin,18,13,0.581,11.93,69.90322580645162,64.61290322580645
350,Wofford,15,9,0.625,-0.24,74.33333333333333,67.79166666666667
351,Wright State,18,6,0.75,-7.65,81.95833333333333,67.41666666666667
352,Wyoming,14,11,0.56,-2.31,76.6,75.52
353,Xavier,13,8,0.619,6.47,74.80952380952381,70.19047619047619
354,Yale,0,0,,,,
355,Youngstown State,15,12,0.556,-8.17,74.44444444444444,72.22222222222223
